{
 "cells": [
  {
   "cell_type": "code",
   "execution_count": 20,
   "metadata": {},
   "outputs": [],
   "source": [
    "import pandas as pd\n",
    "from sklearn.model_selection import train_test_split\n",
    "import plotly.express as px\n",
    "import plotly.graph_objects as go\n",
    "from scipy.stats import chi2_contingency\n",
    "import numpy as np\n",
    "import seaborn as sns\n",
    "from sklearn.feature_selection import mutual_info_classif, mutual_info_regression\n",
    "from prettytable import PrettyTable"
   ]
  },
  {
   "cell_type": "code",
   "execution_count": 21,
   "metadata": {},
   "outputs": [],
   "source": [
    "data = pd.read_csv('uczniowie.csv', sep=';')\n",
    "\n",
    "X = data.drop('G3', axis=1)\n",
    "y = data.G3"
   ]
  },
  {
   "cell_type": "code",
   "execution_count": 22,
   "metadata": {},
   "outputs": [],
   "source": [
    "X_train, X_test, y_train, y_test = train_test_split(\n",
    "    X, \n",
    "    y, \n",
    "    test_size=0.33, \n",
    "    random_state=308289\n",
    ")"
   ]
  },
  {
   "cell_type": "code",
   "execution_count": 23,
   "metadata": {},
   "outputs": [
    {
     "data": {
      "text/plain": [
       "Index(['failures', 'romantic', 'address', 'age', 'higher', 'goout',\n",
       "       'traveltime', 'schoolsup', 'internet', 'Mjob', 'reason', 'guardian',\n",
       "       'Fjob', 'sex', 'paid', 'studytime', 'health', 'Fedu'],\n",
       "      dtype='object')"
      ]
     },
     "execution_count": 23,
     "metadata": {},
     "output_type": "execute_result"
    }
   ],
   "source": [
    "X_train.columns"
   ]
  },
  {
   "cell_type": "code",
   "execution_count": 24,
   "metadata": {},
   "outputs": [],
   "source": [
    "X_train['G3'] = y_train"
   ]
  },
  {
   "cell_type": "code",
   "execution_count": 25,
   "metadata": {},
   "outputs": [
    {
     "data": {
      "application/vnd.plotly.v1+json": {
       "config": {
        "plotlyServerURL": "https://plot.ly"
       },
       "data": [
        {
         "text": [
          [
           1,
           0.09337723510424951,
           0.1184023341121885,
           0.24481947307140942,
           -0.23745076467819287,
           0.17486601329547502,
           0.08570382190594364,
           0.006136172718511535,
           -0.08539684934940628,
           0.1420193895492614,
           -0.015632156678777688,
           0.29630318393181215,
           0.00793195314724992,
           0.059792548110310664,
           -0.19173300895764595,
           0.14043936159679127,
           0.06444526942669956,
           -0.2317576563414722,
           -0.3609124608703827
          ],
          [
           0.09337723510424951,
           1,
           0.06875000000000006,
           0.15846805379887896,
           -0.07715167498104589,
           0.01181772240094503,
           0.024514516892273,
           -0.11057610155819318,
           0.07253617283512767,
           0.04581087083513767,
           -0.055068634196425395,
           0.15551238027375835,
           -0.06014190493397206,
           -0.04841229182759272,
           -0.00541943730952576,
           -0.06875000000000002,
           0.08733323655326598,
           0.03202961587997079,
           -0.11808053843634013
          ],
          [
           0.1184023341121885,
           0.06875000000000006,
           1,
           0.17367242112282583,
           -0.04629100498862757,
           -0.03734400278698639,
           0.36281485000564023,
           -0.06476600234122745,
           -0.22921430615900346,
           0.12082617182767554,
           0.16988673649597238,
           -0.032017254762244374,
           0.048943067463508204,
           0.0871421252896669,
           -0.05636214801906784,
           0.010625000000000016,
           0.031136197379860005,
           -0.10372667911898252,
           -0.051681626967789426
          ],
          [
           0.24481947307140942,
           0.15846805379887896,
           0.17367242112282583,
           1,
           -0.20420850900027718,
           0.137468612713054,
           0.13607186608466953,
           -0.25184767220245724,
           -0.10248892863034188,
           0.1221371842212803,
           0.002771291259892978,
           0.36644346567650016,
           0.06007012968125934,
           -0.07022117560825036,
           -0.044379467300976035,
           0.010064862876415117,
           0.011595280240138391,
           -0.16390934713520156,
           -0.21267026725353103
          ],
          [
           -0.23745076467819287,
           -0.07715167498104589,
           -0.04629100498862757,
           -0.20420850900027718,
           1,
           -0.1721397362686161,
           -0.09834947405868039,
           0.08531131448088855,
           0.0022385148923778487,
           -0.08953776390420395,
           -0.17419413205408182,
           0.00846920514240693,
           -0.02240023511410152,
           -0.16600397351866586,
           0.15052271971848652,
           -0.12344267996967354,
           -0.06679314999151668,
           0.18324442520232662,
           0.16759084018400192
          ],
          [
           0.17486601329547502,
           0.01181772240094503,
           -0.03734400278698639,
           0.137468612713054,
           -0.1721397362686161,
           1,
           -0.008807054964955327,
           -0.01687584194062384,
           0.07749199685516293,
           0.027285559785550424,
           -0.004321217924032006,
           -0.0074376933665294504,
           0.08379873658152923,
           0.01525661401632085,
           0.02787256055772419,
           0.0763424867101053,
           0.017590232122492482,
           0.006475554235310447,
           -0.1976432693746501
          ],
          [
           0.08570382190594364,
           0.024514516892273,
           0.36281485000564023,
           0.13607186608466953,
           -0.09834947405868039,
           -0.008807054964955327,
           1,
           -0.0495674461171204,
           -0.14794534429106176,
           0.10743666743704164,
           0.10205856082114605,
           0.07176114584806839,
           -0.0004067171708793575,
           0.0632962104427292,
           -0.06908454148491149,
           0.08212363158911463,
           0.023829505143562142,
           -0.09857161485949684,
           -0.12026237316743277
          ],
          [
           0.006136172718511535,
           -0.11057610155819318,
           -0.06476600234122745,
           -0.25184767220245724,
           0.08531131448088855,
           -0.01687584194062384,
           -0.0495674461171204,
           1,
           -0.06955150998477509,
           0.10601550994564905,
           -0.009438376075741143,
           -0.05014282021750836,
           -0.08887757779962607,
           -0.15498911612657187,
           -0.10957901720253821,
           0.06476600234122742,
           -0.029450755886640662,
           0.037324175230973776,
           -0.07266440687406125
          ],
          [
           -0.08539684934940628,
           0.07253617283512767,
           -0.22921430615900346,
           -0.10248892863034188,
           0.0022385148923778487,
           0.07749199685516293,
           -0.14794534429106176,
           -0.06955150998477509,
           1,
           -0.2090132558869281,
           -0.06738667461790511,
           0.0025214727644382717,
           0.030838104835845027,
           0.031838890797314806,
           0.1503234442933486,
           -0.10590281233928642,
           -0.03200460598652659,
           0.10697929414867316,
           0.06931532777332555
          ],
          [
           0.1420193895492614,
           0.04581087083513767,
           0.12082617182767554,
           0.1221371842212803,
           -0.08953776390420395,
           0.027285559785550424,
           0.10743666743704164,
           0.10601550994564905,
           -0.2090132558869281,
           1,
           -0.10507220797519132,
           0.06663182664657442,
           0.2835907524326659,
           -0.14046125235729975,
           -0.15938878954008995,
           0.005153722968952972,
           -0.05096686106397226,
           -0.3734854544681511,
           -0.19348305540151112
          ],
          [
           -0.015632156678777688,
           -0.055068634196425395,
           0.16988673649597238,
           0.002771291259892978,
           -0.17419413205408182,
           -0.004321217924032006,
           0.10205856082114605,
           -0.009438376075741143,
           -0.06738667461790511,
           -0.10507220797519132,
           1,
           -0.11420151696881786,
           -0.13596054192677945,
           0.03270291848164203,
           -0.0553906515949649,
           -0.051764516144639776,
           0.05698001132680915,
           -0.015318160839929047,
           0.009047003793902912
          ],
          [
           0.29630318393181215,
           0.15551238027375835,
           -0.032017254762244374,
           0.36644346567650016,
           0.00846920514240693,
           -0.0074376933665294504,
           0.07176114584806839,
           -0.05014282021750836,
           0.0025214727644382717,
           0.06663182664657442,
           -0.11420151696881786,
           1,
           0.062415309332006993,
           -0.0354292269958436,
           -0.04204032807029126,
           -0.028358139932273593,
           -0.04008423277594549,
           -0.06432479253733957,
           -0.1179739637282878
          ],
          [
           0.00793195314724992,
           -0.06014190493397206,
           0.048943067463508204,
           0.06007012968125934,
           -0.02240023511410152,
           0.08379873658152923,
           -0.0004067171708793575,
           -0.08887757779962607,
           0.030838104835845027,
           0.2835907524326659,
           -0.13596054192677945,
           0.062415309332006993,
           1,
           0.01713497719308241,
           -0.020680031778476535,
           0.053712942682409545,
           -0.05498076087369073,
           -0.35760100642746084,
           -0.11271686721937679
          ],
          [
           0.059792548110310664,
           -0.04841229182759272,
           0.0871421252896669,
           -0.07022117560825036,
           -0.16600397351866586,
           0.01525661401632085,
           0.0632962104427292,
           -0.15498911612657187,
           0.031838890797314806,
           -0.14046125235729975,
           0.03270291848164203,
           -0.0354292269958436,
           0.01713497719308241,
           1,
           -0.12173846458452864,
           0.21462782710232775,
           0.1392176934644905,
           0.0591623882391535,
           0.11547245853723591
          ],
          [
           -0.19173300895764595,
           -0.00541943730952576,
           -0.05636214801906784,
           -0.044379467300976035,
           0.15052271971848652,
           0.02787256055772419,
           -0.06908454148491149,
           -0.10957901720253821,
           0.1503234442933486,
           -0.15938878954008995,
           -0.0553906515949649,
           -0.04204032807029126,
           -0.020680031778476535,
           -0.12173846458452864,
           1,
           -0.03305856758810711,
           -0.12116403213783247,
           0.0946425174427001,
           0.06440107890559145
          ],
          [
           0.14043936159679127,
           -0.06875000000000002,
           0.010625000000000016,
           0.010064862876415117,
           -0.12344267996967354,
           0.0763424867101053,
           0.08212363158911463,
           0.06476600234122742,
           -0.10590281233928642,
           0.005153722968952972,
           -0.051764516144639776,
           -0.028358139932273593,
           0.053712942682409545,
           0.21462782710232775,
           -0.03305856758810711,
           1,
           -0.04366661827663303,
           -0.03449343248612243,
           -0.16479936016550076
          ],
          [
           0.06444526942669956,
           0.08733323655326598,
           0.031136197379860005,
           0.011595280240138391,
           -0.06679314999151668,
           0.017590232122492482,
           0.023829505143562142,
           -0.029450755886640662,
           -0.03200460598652659,
           -0.05096686106397226,
           0.05698001132680915,
           -0.04008423277594549,
           -0.05498076087369073,
           0.1392176934644905,
           -0.12116403213783247,
           -0.04366661827663303,
           1,
           0.014164001775313021,
           -0.03025477482867282
          ],
          [
           -0.2317576563414722,
           0.03202961587997079,
           -0.10372667911898252,
           -0.16390934713520156,
           0.18324442520232662,
           0.006475554235310447,
           -0.09857161485949684,
           0.037324175230973776,
           0.10697929414867316,
           -0.3734854544681511,
           -0.015318160839929047,
           -0.06432479253733957,
           -0.35760100642746084,
           0.0591623882391535,
           0.0946425174427001,
           -0.03449343248612243,
           0.014164001775313021,
           1,
           0.22282615610470796
          ],
          [
           -0.3609124608703827,
           -0.11808053843634013,
           -0.051681626967789426,
           -0.21267026725353103,
           0.16759084018400192,
           -0.1976432693746501,
           -0.12026237316743277,
           -0.07266440687406125,
           0.06931532777332555,
           -0.19348305540151112,
           0.009047003793902912,
           -0.1179739637282878,
           -0.11271686721937679,
           0.11547245853723591,
           0.06440107890559145,
           -0.16479936016550076,
           -0.03025477482867282,
           0.22282615610470796,
           1
          ]
         ],
         "texttemplate": "%{text:.2f}",
         "type": "heatmap",
         "x": [
          "failures",
          "romantic",
          "address",
          "age",
          "higher",
          "goout",
          "traveltime",
          "schoolsup",
          "internet",
          "Mjob",
          "reason",
          "guardian",
          "Fjob",
          "sex",
          "paid",
          "studytime",
          "health",
          "Fedu",
          "G3"
         ],
         "y": [
          "failures",
          "romantic",
          "address",
          "age",
          "higher",
          "goout",
          "traveltime",
          "schoolsup",
          "internet",
          "Mjob",
          "reason",
          "guardian",
          "Fjob",
          "sex",
          "paid",
          "studytime",
          "health",
          "Fedu",
          "G3"
         ],
         "z": [
          [
           1,
           0.09337723510424951,
           0.1184023341121885,
           0.24481947307140942,
           -0.23745076467819287,
           0.17486601329547502,
           0.08570382190594364,
           0.006136172718511535,
           -0.08539684934940628,
           0.1420193895492614,
           -0.015632156678777688,
           0.29630318393181215,
           0.00793195314724992,
           0.059792548110310664,
           -0.19173300895764595,
           0.14043936159679127,
           0.06444526942669956,
           -0.2317576563414722,
           -0.3609124608703827
          ],
          [
           0.09337723510424951,
           1,
           0.06875000000000006,
           0.15846805379887896,
           -0.07715167498104589,
           0.01181772240094503,
           0.024514516892273,
           -0.11057610155819318,
           0.07253617283512767,
           0.04581087083513767,
           -0.055068634196425395,
           0.15551238027375835,
           -0.06014190493397206,
           -0.04841229182759272,
           -0.00541943730952576,
           -0.06875000000000002,
           0.08733323655326598,
           0.03202961587997079,
           -0.11808053843634013
          ],
          [
           0.1184023341121885,
           0.06875000000000006,
           1,
           0.17367242112282583,
           -0.04629100498862757,
           -0.03734400278698639,
           0.36281485000564023,
           -0.06476600234122745,
           -0.22921430615900346,
           0.12082617182767554,
           0.16988673649597238,
           -0.032017254762244374,
           0.048943067463508204,
           0.0871421252896669,
           -0.05636214801906784,
           0.010625000000000016,
           0.031136197379860005,
           -0.10372667911898252,
           -0.051681626967789426
          ],
          [
           0.24481947307140942,
           0.15846805379887896,
           0.17367242112282583,
           1,
           -0.20420850900027718,
           0.137468612713054,
           0.13607186608466953,
           -0.25184767220245724,
           -0.10248892863034188,
           0.1221371842212803,
           0.002771291259892978,
           0.36644346567650016,
           0.06007012968125934,
           -0.07022117560825036,
           -0.044379467300976035,
           0.010064862876415117,
           0.011595280240138391,
           -0.16390934713520156,
           -0.21267026725353103
          ],
          [
           -0.23745076467819287,
           -0.07715167498104589,
           -0.04629100498862757,
           -0.20420850900027718,
           1,
           -0.1721397362686161,
           -0.09834947405868039,
           0.08531131448088855,
           0.0022385148923778487,
           -0.08953776390420395,
           -0.17419413205408182,
           0.00846920514240693,
           -0.02240023511410152,
           -0.16600397351866586,
           0.15052271971848652,
           -0.12344267996967354,
           -0.06679314999151668,
           0.18324442520232662,
           0.16759084018400192
          ],
          [
           0.17486601329547502,
           0.01181772240094503,
           -0.03734400278698639,
           0.137468612713054,
           -0.1721397362686161,
           1,
           -0.008807054964955327,
           -0.01687584194062384,
           0.07749199685516293,
           0.027285559785550424,
           -0.004321217924032006,
           -0.0074376933665294504,
           0.08379873658152923,
           0.01525661401632085,
           0.02787256055772419,
           0.0763424867101053,
           0.017590232122492482,
           0.006475554235310447,
           -0.1976432693746501
          ],
          [
           0.08570382190594364,
           0.024514516892273,
           0.36281485000564023,
           0.13607186608466953,
           -0.09834947405868039,
           -0.008807054964955327,
           1,
           -0.0495674461171204,
           -0.14794534429106176,
           0.10743666743704164,
           0.10205856082114605,
           0.07176114584806839,
           -0.0004067171708793575,
           0.0632962104427292,
           -0.06908454148491149,
           0.08212363158911463,
           0.023829505143562142,
           -0.09857161485949684,
           -0.12026237316743277
          ],
          [
           0.006136172718511535,
           -0.11057610155819318,
           -0.06476600234122745,
           -0.25184767220245724,
           0.08531131448088855,
           -0.01687584194062384,
           -0.0495674461171204,
           1,
           -0.06955150998477509,
           0.10601550994564905,
           -0.009438376075741143,
           -0.05014282021750836,
           -0.08887757779962607,
           -0.15498911612657187,
           -0.10957901720253821,
           0.06476600234122742,
           -0.029450755886640662,
           0.037324175230973776,
           -0.07266440687406125
          ],
          [
           -0.08539684934940628,
           0.07253617283512767,
           -0.22921430615900346,
           -0.10248892863034188,
           0.0022385148923778487,
           0.07749199685516293,
           -0.14794534429106176,
           -0.06955150998477509,
           1,
           -0.2090132558869281,
           -0.06738667461790511,
           0.0025214727644382717,
           0.030838104835845027,
           0.031838890797314806,
           0.1503234442933486,
           -0.10590281233928642,
           -0.03200460598652659,
           0.10697929414867316,
           0.06931532777332555
          ],
          [
           0.1420193895492614,
           0.04581087083513767,
           0.12082617182767554,
           0.1221371842212803,
           -0.08953776390420395,
           0.027285559785550424,
           0.10743666743704164,
           0.10601550994564905,
           -0.2090132558869281,
           1,
           -0.10507220797519132,
           0.06663182664657442,
           0.2835907524326659,
           -0.14046125235729975,
           -0.15938878954008995,
           0.005153722968952972,
           -0.05096686106397226,
           -0.3734854544681511,
           -0.19348305540151112
          ],
          [
           -0.015632156678777688,
           -0.055068634196425395,
           0.16988673649597238,
           0.002771291259892978,
           -0.17419413205408182,
           -0.004321217924032006,
           0.10205856082114605,
           -0.009438376075741143,
           -0.06738667461790511,
           -0.10507220797519132,
           1,
           -0.11420151696881786,
           -0.13596054192677945,
           0.03270291848164203,
           -0.0553906515949649,
           -0.051764516144639776,
           0.05698001132680915,
           -0.015318160839929047,
           0.009047003793902912
          ],
          [
           0.29630318393181215,
           0.15551238027375835,
           -0.032017254762244374,
           0.36644346567650016,
           0.00846920514240693,
           -0.0074376933665294504,
           0.07176114584806839,
           -0.05014282021750836,
           0.0025214727644382717,
           0.06663182664657442,
           -0.11420151696881786,
           1,
           0.062415309332006993,
           -0.0354292269958436,
           -0.04204032807029126,
           -0.028358139932273593,
           -0.04008423277594549,
           -0.06432479253733957,
           -0.1179739637282878
          ],
          [
           0.00793195314724992,
           -0.06014190493397206,
           0.048943067463508204,
           0.06007012968125934,
           -0.02240023511410152,
           0.08379873658152923,
           -0.0004067171708793575,
           -0.08887757779962607,
           0.030838104835845027,
           0.2835907524326659,
           -0.13596054192677945,
           0.062415309332006993,
           1,
           0.01713497719308241,
           -0.020680031778476535,
           0.053712942682409545,
           -0.05498076087369073,
           -0.35760100642746084,
           -0.11271686721937679
          ],
          [
           0.059792548110310664,
           -0.04841229182759272,
           0.0871421252896669,
           -0.07022117560825036,
           -0.16600397351866586,
           0.01525661401632085,
           0.0632962104427292,
           -0.15498911612657187,
           0.031838890797314806,
           -0.14046125235729975,
           0.03270291848164203,
           -0.0354292269958436,
           0.01713497719308241,
           1,
           -0.12173846458452864,
           0.21462782710232775,
           0.1392176934644905,
           0.0591623882391535,
           0.11547245853723591
          ],
          [
           -0.19173300895764595,
           -0.00541943730952576,
           -0.05636214801906784,
           -0.044379467300976035,
           0.15052271971848652,
           0.02787256055772419,
           -0.06908454148491149,
           -0.10957901720253821,
           0.1503234442933486,
           -0.15938878954008995,
           -0.0553906515949649,
           -0.04204032807029126,
           -0.020680031778476535,
           -0.12173846458452864,
           1,
           -0.03305856758810711,
           -0.12116403213783247,
           0.0946425174427001,
           0.06440107890559145
          ],
          [
           0.14043936159679127,
           -0.06875000000000002,
           0.010625000000000016,
           0.010064862876415117,
           -0.12344267996967354,
           0.0763424867101053,
           0.08212363158911463,
           0.06476600234122742,
           -0.10590281233928642,
           0.005153722968952972,
           -0.051764516144639776,
           -0.028358139932273593,
           0.053712942682409545,
           0.21462782710232775,
           -0.03305856758810711,
           1,
           -0.04366661827663303,
           -0.03449343248612243,
           -0.16479936016550076
          ],
          [
           0.06444526942669956,
           0.08733323655326598,
           0.031136197379860005,
           0.011595280240138391,
           -0.06679314999151668,
           0.017590232122492482,
           0.023829505143562142,
           -0.029450755886640662,
           -0.03200460598652659,
           -0.05096686106397226,
           0.05698001132680915,
           -0.04008423277594549,
           -0.05498076087369073,
           0.1392176934644905,
           -0.12116403213783247,
           -0.04366661827663303,
           1,
           0.014164001775313021,
           -0.03025477482867282
          ],
          [
           -0.2317576563414722,
           0.03202961587997079,
           -0.10372667911898252,
           -0.16390934713520156,
           0.18324442520232662,
           0.006475554235310447,
           -0.09857161485949684,
           0.037324175230973776,
           0.10697929414867316,
           -0.3734854544681511,
           -0.015318160839929047,
           -0.06432479253733957,
           -0.35760100642746084,
           0.0591623882391535,
           0.0946425174427001,
           -0.03449343248612243,
           0.014164001775313021,
           1,
           0.22282615610470796
          ],
          [
           -0.3609124608703827,
           -0.11808053843634013,
           -0.051681626967789426,
           -0.21267026725353103,
           0.16759084018400192,
           -0.1976432693746501,
           -0.12026237316743277,
           -0.07266440687406125,
           0.06931532777332555,
           -0.19348305540151112,
           0.009047003793902912,
           -0.1179739637282878,
           -0.11271686721937679,
           0.11547245853723591,
           0.06440107890559145,
           -0.16479936016550076,
           -0.03025477482867282,
           0.22282615610470796,
           1
          ]
         ]
        }
       ],
       "layout": {
        "template": {
         "data": {
          "bar": [
           {
            "error_x": {
             "color": "#2a3f5f"
            },
            "error_y": {
             "color": "#2a3f5f"
            },
            "marker": {
             "line": {
              "color": "#E5ECF6",
              "width": 0.5
             },
             "pattern": {
              "fillmode": "overlay",
              "size": 10,
              "solidity": 0.2
             }
            },
            "type": "bar"
           }
          ],
          "barpolar": [
           {
            "marker": {
             "line": {
              "color": "#E5ECF6",
              "width": 0.5
             },
             "pattern": {
              "fillmode": "overlay",
              "size": 10,
              "solidity": 0.2
             }
            },
            "type": "barpolar"
           }
          ],
          "carpet": [
           {
            "aaxis": {
             "endlinecolor": "#2a3f5f",
             "gridcolor": "white",
             "linecolor": "white",
             "minorgridcolor": "white",
             "startlinecolor": "#2a3f5f"
            },
            "baxis": {
             "endlinecolor": "#2a3f5f",
             "gridcolor": "white",
             "linecolor": "white",
             "minorgridcolor": "white",
             "startlinecolor": "#2a3f5f"
            },
            "type": "carpet"
           }
          ],
          "choropleth": [
           {
            "colorbar": {
             "outlinewidth": 0,
             "ticks": ""
            },
            "type": "choropleth"
           }
          ],
          "contour": [
           {
            "colorbar": {
             "outlinewidth": 0,
             "ticks": ""
            },
            "colorscale": [
             [
              0,
              "#0d0887"
             ],
             [
              0.1111111111111111,
              "#46039f"
             ],
             [
              0.2222222222222222,
              "#7201a8"
             ],
             [
              0.3333333333333333,
              "#9c179e"
             ],
             [
              0.4444444444444444,
              "#bd3786"
             ],
             [
              0.5555555555555556,
              "#d8576b"
             ],
             [
              0.6666666666666666,
              "#ed7953"
             ],
             [
              0.7777777777777778,
              "#fb9f3a"
             ],
             [
              0.8888888888888888,
              "#fdca26"
             ],
             [
              1,
              "#f0f921"
             ]
            ],
            "type": "contour"
           }
          ],
          "contourcarpet": [
           {
            "colorbar": {
             "outlinewidth": 0,
             "ticks": ""
            },
            "type": "contourcarpet"
           }
          ],
          "heatmap": [
           {
            "colorbar": {
             "outlinewidth": 0,
             "ticks": ""
            },
            "colorscale": [
             [
              0,
              "#0d0887"
             ],
             [
              0.1111111111111111,
              "#46039f"
             ],
             [
              0.2222222222222222,
              "#7201a8"
             ],
             [
              0.3333333333333333,
              "#9c179e"
             ],
             [
              0.4444444444444444,
              "#bd3786"
             ],
             [
              0.5555555555555556,
              "#d8576b"
             ],
             [
              0.6666666666666666,
              "#ed7953"
             ],
             [
              0.7777777777777778,
              "#fb9f3a"
             ],
             [
              0.8888888888888888,
              "#fdca26"
             ],
             [
              1,
              "#f0f921"
             ]
            ],
            "type": "heatmap"
           }
          ],
          "heatmapgl": [
           {
            "colorbar": {
             "outlinewidth": 0,
             "ticks": ""
            },
            "colorscale": [
             [
              0,
              "#0d0887"
             ],
             [
              0.1111111111111111,
              "#46039f"
             ],
             [
              0.2222222222222222,
              "#7201a8"
             ],
             [
              0.3333333333333333,
              "#9c179e"
             ],
             [
              0.4444444444444444,
              "#bd3786"
             ],
             [
              0.5555555555555556,
              "#d8576b"
             ],
             [
              0.6666666666666666,
              "#ed7953"
             ],
             [
              0.7777777777777778,
              "#fb9f3a"
             ],
             [
              0.8888888888888888,
              "#fdca26"
             ],
             [
              1,
              "#f0f921"
             ]
            ],
            "type": "heatmapgl"
           }
          ],
          "histogram": [
           {
            "marker": {
             "pattern": {
              "fillmode": "overlay",
              "size": 10,
              "solidity": 0.2
             }
            },
            "type": "histogram"
           }
          ],
          "histogram2d": [
           {
            "colorbar": {
             "outlinewidth": 0,
             "ticks": ""
            },
            "colorscale": [
             [
              0,
              "#0d0887"
             ],
             [
              0.1111111111111111,
              "#46039f"
             ],
             [
              0.2222222222222222,
              "#7201a8"
             ],
             [
              0.3333333333333333,
              "#9c179e"
             ],
             [
              0.4444444444444444,
              "#bd3786"
             ],
             [
              0.5555555555555556,
              "#d8576b"
             ],
             [
              0.6666666666666666,
              "#ed7953"
             ],
             [
              0.7777777777777778,
              "#fb9f3a"
             ],
             [
              0.8888888888888888,
              "#fdca26"
             ],
             [
              1,
              "#f0f921"
             ]
            ],
            "type": "histogram2d"
           }
          ],
          "histogram2dcontour": [
           {
            "colorbar": {
             "outlinewidth": 0,
             "ticks": ""
            },
            "colorscale": [
             [
              0,
              "#0d0887"
             ],
             [
              0.1111111111111111,
              "#46039f"
             ],
             [
              0.2222222222222222,
              "#7201a8"
             ],
             [
              0.3333333333333333,
              "#9c179e"
             ],
             [
              0.4444444444444444,
              "#bd3786"
             ],
             [
              0.5555555555555556,
              "#d8576b"
             ],
             [
              0.6666666666666666,
              "#ed7953"
             ],
             [
              0.7777777777777778,
              "#fb9f3a"
             ],
             [
              0.8888888888888888,
              "#fdca26"
             ],
             [
              1,
              "#f0f921"
             ]
            ],
            "type": "histogram2dcontour"
           }
          ],
          "mesh3d": [
           {
            "colorbar": {
             "outlinewidth": 0,
             "ticks": ""
            },
            "type": "mesh3d"
           }
          ],
          "parcoords": [
           {
            "line": {
             "colorbar": {
              "outlinewidth": 0,
              "ticks": ""
             }
            },
            "type": "parcoords"
           }
          ],
          "pie": [
           {
            "automargin": true,
            "type": "pie"
           }
          ],
          "scatter": [
           {
            "fillpattern": {
             "fillmode": "overlay",
             "size": 10,
             "solidity": 0.2
            },
            "type": "scatter"
           }
          ],
          "scatter3d": [
           {
            "line": {
             "colorbar": {
              "outlinewidth": 0,
              "ticks": ""
             }
            },
            "marker": {
             "colorbar": {
              "outlinewidth": 0,
              "ticks": ""
             }
            },
            "type": "scatter3d"
           }
          ],
          "scattercarpet": [
           {
            "marker": {
             "colorbar": {
              "outlinewidth": 0,
              "ticks": ""
             }
            },
            "type": "scattercarpet"
           }
          ],
          "scattergeo": [
           {
            "marker": {
             "colorbar": {
              "outlinewidth": 0,
              "ticks": ""
             }
            },
            "type": "scattergeo"
           }
          ],
          "scattergl": [
           {
            "marker": {
             "colorbar": {
              "outlinewidth": 0,
              "ticks": ""
             }
            },
            "type": "scattergl"
           }
          ],
          "scattermapbox": [
           {
            "marker": {
             "colorbar": {
              "outlinewidth": 0,
              "ticks": ""
             }
            },
            "type": "scattermapbox"
           }
          ],
          "scatterpolar": [
           {
            "marker": {
             "colorbar": {
              "outlinewidth": 0,
              "ticks": ""
             }
            },
            "type": "scatterpolar"
           }
          ],
          "scatterpolargl": [
           {
            "marker": {
             "colorbar": {
              "outlinewidth": 0,
              "ticks": ""
             }
            },
            "type": "scatterpolargl"
           }
          ],
          "scatterternary": [
           {
            "marker": {
             "colorbar": {
              "outlinewidth": 0,
              "ticks": ""
             }
            },
            "type": "scatterternary"
           }
          ],
          "surface": [
           {
            "colorbar": {
             "outlinewidth": 0,
             "ticks": ""
            },
            "colorscale": [
             [
              0,
              "#0d0887"
             ],
             [
              0.1111111111111111,
              "#46039f"
             ],
             [
              0.2222222222222222,
              "#7201a8"
             ],
             [
              0.3333333333333333,
              "#9c179e"
             ],
             [
              0.4444444444444444,
              "#bd3786"
             ],
             [
              0.5555555555555556,
              "#d8576b"
             ],
             [
              0.6666666666666666,
              "#ed7953"
             ],
             [
              0.7777777777777778,
              "#fb9f3a"
             ],
             [
              0.8888888888888888,
              "#fdca26"
             ],
             [
              1,
              "#f0f921"
             ]
            ],
            "type": "surface"
           }
          ],
          "table": [
           {
            "cells": {
             "fill": {
              "color": "#EBF0F8"
             },
             "line": {
              "color": "white"
             }
            },
            "header": {
             "fill": {
              "color": "#C8D4E3"
             },
             "line": {
              "color": "white"
             }
            },
            "type": "table"
           }
          ]
         },
         "layout": {
          "annotationdefaults": {
           "arrowcolor": "#2a3f5f",
           "arrowhead": 0,
           "arrowwidth": 1
          },
          "autotypenumbers": "strict",
          "coloraxis": {
           "colorbar": {
            "outlinewidth": 0,
            "ticks": ""
           }
          },
          "colorscale": {
           "diverging": [
            [
             0,
             "#8e0152"
            ],
            [
             0.1,
             "#c51b7d"
            ],
            [
             0.2,
             "#de77ae"
            ],
            [
             0.3,
             "#f1b6da"
            ],
            [
             0.4,
             "#fde0ef"
            ],
            [
             0.5,
             "#f7f7f7"
            ],
            [
             0.6,
             "#e6f5d0"
            ],
            [
             0.7,
             "#b8e186"
            ],
            [
             0.8,
             "#7fbc41"
            ],
            [
             0.9,
             "#4d9221"
            ],
            [
             1,
             "#276419"
            ]
           ],
           "sequential": [
            [
             0,
             "#0d0887"
            ],
            [
